5
2 1 1000
2 1 1000
2 1 1000
2 1 1000
2 1 1000
500
279 48279 6000
149 54149 6000
266 30266 6000
778 30778 6000
135 30135 6000
740 48740 6000
989 36989 6000
216 54216 6000
797 42797 6000
145 36145 6000
334 30334 6000
279 48279 6000
472 48472 6000
438 42438 6000
887 42887 6000
909 48909 6000
356 30356 6000
431 54431 6000
581 48581 6000
527 36527 6000
777 54777 6000
159 36159 6000
79 48079 6000
144 36144 6000
110 54110 6000
285 54285 6000
548 36548 6000
771 54771 6000
472 30472 6000
570 48570 6000
42 30042 6000
166 36166 6000
344 30344 6000
477 36477 6000
923 30923 6000
369 42369 6000
154 36154 6000
629 48629 6000
394 54394 6000
222 42222 6000
435 54435 6000
459 36459 6000
811 36811 6000
892 30892 6000
487 30487 6000
24 48024 6000
708 42708 6000
327 42327 6000
512 42512 6000
534 54534 6000
365 42365 6000
263 48263 6000
29 54029 6000
546 48546 6000
437 30437 6000
33 30033 6000
475 36475 6000
479 48479 6000
291 54291 6000
339 42339 6000
423 48423 6000
298 36298 6000
399 48399 6000
342 30342 6000
551 48551 6000
758 42758 6000
547 30547 6000
617 48617 6000
491 36491 6000
911 48911 6000
457 48457 6000
455 42455 6000
802 42802 6000
770 42770 6000
190 54190 6000
909 30909 6000
459 48459 6000
204 42204 6000
75 48075 6000
969 30969 6000
551 54551 6000
969 36969 6000
506 36506 6000
919 48919 6000
341 54341 6000
863 48863 6000
314 48314 6000
151 54151 6000
442 36442 6000
707 30707 6000
623 48623 6000
430 48430 6000
427 36427 6000
109 36109 6000
792 42792 6000
195 42195 6000
17 42017 6000
936 42936 6000
312 42312 6000
79 36079 6000
596 54596 6000
987 36987 6000
886 48886 6000
717 48717 6000
662 54662 6000
470 30470 6000
59 30059 6000
892 36892 6000
590 30590 6000
197 36197 6000
155 48155 6000
509 30509 6000
112 42112 6000
124 36124 6000
838 30838 6000
655 48655 6000
498 30498 6000
817 30817 6000
10 36010 6000
576 42576 6000
96 48096 6000
327 42327 6000
943 54943 6000
480 36480 6000
271 36271 6000
200 36200 6000
911 36911 6000
379 54379 6000
435 48435 6000
77 30077 6000
276 30276 6000
122 42122 6000
71 36071 6000
732 30732 6000
80 54080 6000
205 48205 6000
383 48383 6000
57 42057 6000
50 30050 6000
682 30682 6000
77 30077 6000
849 42849 6000
265 48265 6000
185 54185 6000
709 54709 6000
383 54383 6000
860 54860 6000
423 54423 6000
336 48336 6000
925 48925 6000
799 36799 6000
657 36657 6000
193 54193 6000
975 54975 6000
21 30021 6000
120 42120 6000
945 30945 6000
668 30668 6000
820 42820 6000
202 48202 6000
778 54778 6000
836 54836 6000
250 30250 6000
672 48672 6000
943 36943 6000
850 30850 6000
949 48949 6000
35 42035 6000
239 42239 6000
948 48948 6000
213 30213 6000
959 54959 6000
557 30557 6000
606 42606 6000
705 30705 6000
34 36034 6000
423 48423 6000
426 30426 6000
840 42840 6000
386 42386 6000
123 36123 6000
49 30049 6000
81 30081 6000
788 30788 6000
638 48638 6000
233 42233 6000
643 42643 6000
508 42508 6000
270 36270 6000
500 48500 6000
928 30928 6000
157 42157 6000
509 36509 6000
629 42629 6000
638 42638 6000
229 30229 6000
426 30426 6000
766 36766 6000
473 42473 6000
372 48372 6000
267 48267 6000
108 54108 6000
476 36476 6000
808 42808 6000
321 42321 6000
724 48724 6000
502 54502 6000
884 54884 6000
703 42703 6000
415 42415 6000
670 48670 6000
746 36746 6000
843 36843 6000
342 30342 6000
935 54935 6000
53 36053 6000
994 30994 6000
670 54670 6000
520 48520 6000
828 48828 6000
754 42754 6000
661 30661 6000
253 30253 6000
365 36365 6000
833 42833 6000
147 48147 6000
138 42138 6000
996 30996 6000
278 30278 6000
898 30898 6000
204 54204 6000
350 36350 6000
297 48297 6000
440 36440 6000
386 48386 6000
87 42087 6000
334 36334 6000
183 36183 6000
684 30684 6000
309 54309 6000
225 42225 6000
811 30811 6000
695 48695 6000
560 30560 6000
182 54182 6000
152 36152 6000
653 48653 6000
717 42717 6000
121 48121 6000
451 54451 6000
422 54422 6000
409 42409 6000
298 48298 6000
480 42480 6000
774 42774 6000
722 36722 6000
701 48701 6000
335 54335 6000
796 48796 6000
447 54447 6000
61 54061 6000
123 30123 6000
766 54766 6000
412 48412 6000
354 42354 6000
716 36716 6000
21 48021 6000
803 54803 6000
919 30919 6000
696 30696 6000
837 42837 6000
350 36350 6000
258 30258 6000
377 36377 6000
658 36658 6000
834 30834 6000
283 42283 6000
520 54520 6000
222 36222 6000
941 48941 6000
149 36149 6000
470 42470 6000
205 54205 6000
386 48386 6000
484 54484 6000
292 42292 6000
878 48878 6000
615 54615 6000
802 48802 6000
915 36915 6000
289 30289 6000
37 54037 6000
678 30678 6000
119 36119 6000
625 42625 6000
545 42545 6000
781 42781 6000
42 42042 6000
985 30985 6000
265 48265 6000
208 42208 6000
788 42788 6000
617 30617 6000
716 36716 6000
155 48155 6000
164 36164 6000
645 48645 6000
43 54043 6000
614 54614 6000
478 36478 6000
739 30739 6000
146 30146 6000
319 42319 6000
674 48674 6000
324 36324 6000
773 42773 6000
982 48982 6000
264 48264 6000
949 30949 6000
14 42014 6000
844 54844 6000
698 48698 6000
444 36444 6000
370 54370 6000
933 30933 6000
264 54264 6000
69 42069 6000
120 48120 6000
898 42898 6000
888 54888 6000
832 36832 6000
108 48108 6000
960 42960 6000
157 36157 6000
104 42104 6000
843 48843 6000
903 36903 6000
545 54545 6000
155 36155 6000
305 48305 6000
710 30710 6000
564 42564 6000
72 42072 6000
813 30813 6000
75 54075 6000
325 54325 6000
391 42391 6000
708 54708 6000
726 48726 6000
657 54657 6000
347 42347 6000
10 42010 6000
536 48536 6000
453 30453 6000
959 48959 6000
901 42901 6000
122 48122 6000
294 42294 6000
486 54486 6000
602 42602 6000
504 36504 6000
44 48044 6000
311 30311 6000
766 48766 6000
896 54896 6000
273 48273 6000
160 42160 6000
271 30271 6000
775 54775 6000
819 54819 6000
795 54795 6000
794 42794 6000
461 30461 6000
989 54989 6000
864 42864 6000
112 54112 6000
974 30974 6000
988 36988 6000
340 30340 6000
658 42658 6000
381 36381 6000
911 30911 6000
592 30592 6000
214 42214 6000
443 30443 6000
765 30765 6000
588 54588 6000
573 30573 6000
775 54775 6000
991 30991 6000
644 54644 6000
460 54460 6000
267 36267 6000
686 42686 6000
148 48148 6000
700 48700 6000
563 36563 6000
905 54905 6000
888 42888 6000
339 54339 6000
236 30236 6000
648 36648 6000
603 36603 6000
552 36552 6000
907 48907 6000
470 42470 6000
777 36777 6000
316 42316 6000
486 42486 6000
68 54068 6000
139 42139 6000
505 54505 6000
941 30941 6000
485 36485 6000
284 48284 6000
351 36351 6000
245 42245 6000
86 42086 6000
8 30008 6000
224 54224 6000
7 36007 6000
67 54067 6000
698 30698 6000
583 30583 6000
680 42680 6000
495 30495 6000
879 30879 6000
675 30675 6000
190 54190 6000
696 48696 6000
165 48165 6000
245 48245 6000
395 54395 6000
563 36563 6000
451 42451 6000
755 54755 6000
477 42477 6000
748 48748 6000
983 54983 6000
739 36739 6000
945 42945 6000
844 54844 6000
282 54282 6000
542 54542 6000
437 42437 6000
213 42213 6000
76 48076 6000
235 54235 6000
207 42207 6000
393 48393 6000
50 42050 6000
797 42797 6000
824 36824 6000
811 48811 6000
23 54023 6000
67 30067 6000
472 30472 6000
63 42063 6000
220 48220 6000
255 36255 6000
389 54389 6000
783 48783 6000
330 42330 6000
323 30323 6000
806 36806 6000
194 42194 6000
313 48313 6000
450 54450 6000
683 48683 6000
575 54575 6000
399 48399 6000
149 30149 6000
625 42625 6000
815 54815 6000
208 48208 6000
548 54548 6000
369 42369 6000
629 54629 6000
284 48284 6000
774 36774 6000
449 42449 6000
544 48544 6000
668 54668 6000
426 30426 6000
551 48551 6000
448 48448 6000
15 36015 6000
418 36418 6000
835 36835 6000
431 36431 6000
513 54513 6000
624 48624 6000
166 30166 6000
136 30136 6000
772 36772 6000
389 42389 6000
600 54600 6000
858 42858 6000
49 30049 6000
259 54259 6000
16 20 15 15 14 12 19 19 20 14 18 17 14 11 19 12 14 16 10 17 17 19 11 17 10 12 20 14 10 16 12 16 12 20 20 15 18 13 10 13 16 18 11 19 10 18 12 12 18 17 18 12 10 10 18 13 12 15 16 10 17 18 17 13 11 14 19 19 14 16 10 15 16 15 12 16 10 14 11 13 15 19 17 13 13 15 16 11 14 13 13 14 15 17 19 17 16 14 18 10 14 12 15 19 17 15 16 10 17 12 11 16 13 11 18 14 14 14 16 16 10 11 14 10 11 13 16 17 15 14 14 17 13 19 15 20 12 12 16 10 13 14 20 18 13 13 16 20 16 13 20 17 11 11 16 10 15 13 19 14 17 20 11 15 13 10 17 10 19 19 14 10 18 16 18 18 20 10 15 18 18 10 12 18 17 11 20 16 14 16 13 16 18 18 13 13 14 12 12 20 18 11 14 20 13 17 18 18 19 19 18 11 11 10 11 18 18 18 12 18 11 12 20 16 20 13 11 20 17 20 11 19 14 18 13 12 15 16 11 18 15 10 19 14 20 14 16 19 17 19 19 10 10 19 19 13 19 11 16 16 13 14 14 13 10 14 14 18 20 17 16 17 18 10 20 19 11 20 20 12 12 20 19 13 16 16 17 12 11 17 10 20 14 17 16 13 16 13 17 16 13 15 10 18 13 13 17 16 18 11 12 14 17 16 13 17 17 20 15 16 11 13 11 20 14 15 20 18 15 18 10 14 10 12 12 11 11 14 11 19 19 11 19 18 20 18 15 20 14 13 19 12 13 17 18 16 19 16 14 13 18 13 20 13 11 12 12 18 11 15 13 17 15 13 13 13 20 14 16 10 18 15 19 18 18 14 19 13 11 11 16 20 10 12 13 14 16 12 17 18 18 13 14 12 20 19 12 16 17 16 19 20 15 10 11 15 16 18 17 20 16 10 17 12 20 18 12 14 14 15 10 10 11 18 17 11 16 19 15 14 12 13 17 19 15 14 12 14 15 17 17 12 18 20 20 11 12 16 17 19 10 19 10 20 10 19 11 13 11 20 19 16 13 14 11 14 14 14 20 13 15 13 20 19 20 12 10 11 14 11 20 13 12 19 17 12 11 20 19 14
14 10 19 12 11 13 10 17 13 11 19 15 17 14 14 19 15 14 14 16 18 13 11 10 14 11 11 12 11 16 18 16 15 12 17 14 19 20 12 15 12 17 14 16 10 18 10 19 13 16 13 18 15 15 16 16 18 15 18 18 15 14 16 15 14 16 12 20 12 14 13 10 20 15 16 16 10 11 17 14 19 13 17 12 10 17 17 13 15 10 12 10 15 12 10 18 19 13 20 11 16 20 13 10 12 15 19 10 10 17 17 14 12 11 11 13 12 11 13 20 17 12 15 17 12 19 18 11 11 16 13 18 11 16 15 11 15 19 15 14 17 13 20 15 10 20 14 20 19 15 11 16 17 15 17 13 19 12 18 13 13 15 20 15 10 18 20 14 15 11 11 20 10 20 10 13 11 16 13 13 16 20 20 15 14 11 13 20 15 12 17 15 18 12 13 18 18 18 16 12 15 13 20 20 16 13 14 15 11 10 16 19 17 18 16 10 15 18 18 10 12 13 17 10 10 12 12 11 19 20 11 11 14 13 12 15 15 20 17 18 19 16 20 18 19 10 16 10 12 10 13 11 13 11 13 16 10 20 18 17 10 19 13 15 12 11 12 12 16 17 12 11 12 14 14 19 15 11 11 12 16 20 16 18 18 13 10 15 19 14 10 14 12 17 11 13 20 10 15 12 10 18 18 13 20 11 10 13 20 18 20 14 13 14 19 14 20 20 16 17 16 15 12 10 12 13 10 20 16 20 17 14 10 17 17 15 14 16 20 15 12 11 17 17 20 15 15 19 14 11 11 11 17 11 20 19 15 14 19 11 10 20 11 13 14 19 12 14 19 16 10 20 18 14 18 10 12 11 10 20 15 18 15 16 16 19 19 16 20 15 17 13 11 17 19 15 11 19 10 13 12 13 12 12 20 20 11 18 14 20 14 19 10 14 15 12 12 17 16 18 18 19 13 15 19 14 17 17 15 12 11 18 18 16 16 16 14 14 12 11 20 13 12 15 15 10 19 18 11 16 18 12 19 16 18 14 11 15 19 13 11 10 15 14 11 10 12 10 18 17 10 11 17 13 19 17 15 17 13 15 11 18 15 17 19 12 10 11 14 18 11 20 17 19 18 15 14 20 12 12
13 13 13 20 16 11 13 18 14 10 17 12 18 13 15 12 14 17 20 11 12 18 13 19 16 12 14 15 10 16 11 11 17 19 16 13 15 19 20 11 17 20 14 17 18 18 20 13 12 14 16 14 16 13 12 15 20 19 15 11 16 19 16 17 19 20 20 14 10 14 16 16 12 17 14 20 16 10 13 20 12 14 11 12 10 17 19 10 10 12 14 12 12 19 15 17 14 11 10 18 12 12 17 19 18 19 20 11 12 14 19 18 17 16 18 17 18 12 11 16 18 17 15 16 15 14 12 10 10 10 19 15 18 17 20 20 18 15 17 19 15 18 14 20 20 17 12 16 15 12 20 11 15 13 10 19 10 20 14 20 10 17 18 11 12 20 10 18 12 11 10 14 13 19 17 12 16 14 18 17 11 14 16 17 15 16 19 17 13 11 10 16 18 17 11 17 18 17 16 11 20 17 10 10 20 19 20 15 12 10 13 12 20 13 19 12 15 16 17 14 19 13 13 19 18 12 14 16 16 18 10 11 15 19 15 11 12 17 11 20 14 19 12 15 12 10 19 10 15 13 11 17 17 16 15 18 19 19 13 12 14 11 18 11 14 20 17 14 14 12 11 17 14 18 20 20 11 10 18 11 20 18 11 16 11 17 13 15 10 16 20 11 12 14 11 12 11 13 11 13 14 14 15 17 15 12 13 13 11 16 11 16 14 20 18 19 10 12 13 15 12 17 16 19 19 12 20 19 13 19 12 10 17 12 17 17 13 17 14 19 12 14 18 11 14 13 10 11 12 18 13 15 15 15 14 15 11 20 20 13 20 10 14 11 11 17 14 18 19 15 15 17 18 15 18 12 18 10 14 20 15 14 18 20 16 15 12 11 15 15 12 19 15 18 16 18 17 13 16 16 17 13 16 16 20 20 12 13 15 19 11 12 20 12 14 16 16 18 16 20 18 12 19 18 12 13 14 17 11 11 12 19 20 10 15 11 11 11 19 10 14 20 17 17 18 14 15 20 10 16 10 18 11 17 13 11 19 18 13 17 15 15 11 19 13 17 10 20 12 12 18 12 12 15 17 11 20 19 18 11 16 20 15 11 19 17 15 18 14 17 13 20 10 17 13 17 12 16 10 13
17 17 16 10 15 20 12 15 14 13 17 20 10 14 13 12 20 13 15 20 12 13 20 12 20 17 18 12 19 16 14 17 14 20 18 11 18 19 15 15 14 15 16 17 13 10 10 14 13 19 20 11 11 14 14 20 14 18 12 14 15 16 12 11 13 15 17 20 15 13 18 18 14 19 18 13 14 11 19 17 12 10 19 20 12 13 20 10 20 19 19 17 12 13 10 16 19 15 13 10 14 15 12 19 12 11 17 14 11 19 13 18 15 11 16 13 13 16 18 17 13 14 12 15 17 11 12 15 12 18 14 17 19 13 15 10 14 17 16 10 13 11 19 17 12 11 15 18 12 15 15 11 19 20 12 16 14 18 12 17 18 11 16 12 20 18 17 17 18 20 18 20 11 12 15 17 20 19 19 16 15 11 15 18 10 12 19 13 16 18 11 13 13 17 10 14 19 14 15 15 12 11 17 16 15 14 16 19 20 11 11 13 10 11 19 18 10 18 14 19 10 18 20 14 12 10 10 17 13 15 13 16 14 16 17 13 19 14 14 14 15 19 16 12 16 15 12 11 16 18 10 12 17 14 19 15 15 14 17 17 14 20 15 14 17 19 10 15 15 12 15 17 15 16 10 17 13 19 20 14 15 19 11 13 16 18 17 12 20 20 20 17 12 12 16 10 14 14 16 17 10 10 12 19 19 11 10 17 12 18 17 17 19 10 17 12 17 19 10 15 10 11 16 12 14 18 13 18 18 12 13 20 20 14 18 19 10 12 13 20 11 17 16 15 15 12 18 11 18 15 14 10 19 19 19 20 18 12 18 11 19 20 20 18 13 13 14 10 13 14 12 12 20 12 16 10 11 14 19 10 17 15 18 10 12 11 11 13 20 13 14 20 10 13 17 12 15 15 19 13 11 11 10 12 18 20 19 18 19 20 17 15 19 18 14 15 10 18 18 10 10 19 19 14 15 10 19 10 15 14 14 11 12 20 17 13 18 13 12 16 11 16 12 19 18 14 11 14 16 16 20 19 15 12 14 14 15 16 17 19 15 20 20 13 20 17 16 18 12 15 13 15 14 14 19 14 20 10 18 14 18 14 13 16 16 11 14 14 10 12 18 19 14 10 11 15 15 14 11 13
15 11 14 18 10 20 10 18 10 20 18 16 20 10 14 16 13 19 14 16 12 14 17 16 17 16 13 16 11 17 12 10 13 12 15 19 17 14 13 13 13 11 16 20 10 14 17 15 20 10 10 18 13 18 16 12 10 11 15 14 19 18 14 10 15 18 14 18 13 12 15 20 14 14 16 18 18 16 19 19 17 11 11 18 18 15 12 20 12 10 17 14 13 15 10 11 16 13 20 15 12 16 16 19 17 11 12 11 14 16 19 17 16 15 13 16 14 14 13 12 19 12 20 12 10 14 20 12 10 11 12 14 12 19 14 17 15 11 20 14 17 15 16 18 14 17 11 20 13 10 10 12 10 20 18 16 15 16 10 20 15 20 20 17 11 16 20 20 12 11 20 15 12 10 17 13 19 16 10 13 14 18 13 16 19 19 13 10 15 15 11 20 16 10 18 13 12 11 10 17 17 15 12 10 11 15 14 17 11 14 12 18 20 17 20 10 18 14 11 17 16 12 19 13 17 16 14 20 13 15 16 15 14 11 12 10 12 20 18 15 10 11 18 16 12 18 17 12 14 10 16 12 12 13 15 10 19 18 16 13 17 18 17 20 15 16 20 17 19 15 16 20 13 14 18 15 20 12 10 18 16 14 13 17 18 18 11 18 14 13 12 13 17 15 13 17 16 16 15 13 18 11 14 18 19 11 15 14 20 10 18 15 17 16 20 17 15 19 10 14 19 14 12 15 10 13 11 14 17 11 13 19 18 20 11 12 18 13 19 13 18 15 14 18 18 20 17 11 19 18 10 11 15 20 11 16 15 15 15 16 10 10 20 20 19 11 17 11 19 14 19 17 14 12 11 14 17 11 11 17 12 18 11 17 12 10 15 18 18 12 11 16 17 12 13 14 10 12 17 19 16 19 19 15 20 11 18 19 17 13 14 15 14 11 20 12 10 14 16 11 16 11 14 13 13 10 14 19 18 10 11 11 17 13 13 13 10 15 19 15 16 18 19 11 19 17 13 17 19 19 17 10 10 15 14 18 16 10 20 10 17 12 10 16 19 12 15 13 16 19 15 10 12 13 16 12 13 11 13 17 16 18 16 13 14 10 19 16 13 13 19 16 10 16 15 17 12 17 12 17
20 200
