1
1 2 1500
500
28829 39329 2100
23980 49100 5024
33764 42524 1752
29838 45478 3128
3574 14249 2135
8005 11820 763
5270 8620 670
21034 39829 3759
49800 51760 392
5347 31307 5192
33573 50723 3430
28480 56095 5523
43133 46943 762
20515 36030 3103
46236 56731 2099
31921 34546 525
21745 45870 4825
40346 40411 13
12471 13191 144
10463 39318 5771
12856 14161 261
35006 52161 3431
8619 27304 3737
43392 59532 3228
21052 48007 5391
6889 26579 3938
39648 58518 3774
23917 41527 3522
2650 5010 472
953 26673 5144
21489 22024 107
53095 59385 1258
8953 34683 5146
31995 47760 3153
1243 12718 2295
18769 47849 5816
53445 58735 1058
8732 26142 3482
32641 43806 2233
1503 28418 5383
38441 56106 3533
953 16148 3039
24591 45546 4191
26363 54553 5638
21460 35800 2868
41709 43384 335
2133 10723 1718
12683 15733 610
38441 48126 1937
39338 47493 1631
47404 53734 1266
21780 46055 4855
39352 50017 2133
5252 10982 1146
37328 45498 1634
4162 20232 3214
20133 22278 429
7234 33964 5346
34095 59685 5118
37728 46278 1710
5937 27287 4270
47800 49960 432
3818 27133 4663
12335 38650 5263
19927 38402 3695
45214 46549 267
36077 55002 3785
26591 41446 2971
48695 53520 965
28096 48471 4075
30729 54509 4756
1607 8792 1437
32802 59932 5426
35213 51423 3242
16746 22371 1125
5330 16470 2228
9949 22524 2515
11204 15179 795
34125 41060 1387
22961 36261 2660
40413 46748 1267
3048 31573 5705
27943 29388 289
24448 29903 1091
21776 36146 2874
39106 57241 3627
37099 38889 358
23648 44358 4142
32343 35068 545
2250 6375 825
7228 32053 4965
37835 48865 2206
47996 51231 647
35919 38044 425
13601 23101 1900
4749 11659 1382
25709 28969 652
25729 35869 2028
19405 24365 992
38440 54915 3295
39558 57293 3547
16674 39404 4546
30622 43192 2514
28800 50745 4389
2210 23585 4275
15520 15780 52
19109 43889 4956
28352 30862 502
36521 45501 1796
39710 49455 1949
33484 47114 2726
12947 32057 3822
3032 14982 2390
3081 20666 3517
30458 34868 882
45543 47643 420
7716 9526 362
46078 53848 1554
42023 57378 3071
10428 13848 684
42365 55965 2720
4753 5633 176
35113 57193 4416
6203 21033 2966
899 5844 989
44226 53366 1828
38278 57678 3880
37431 38501 214
11426 14336 582
43979 49614 1127
21184 21314 26
9657 25027 3074
31563 33088 305
24992 31967 1395
1039 3314 455
5949 11129 1036
43742 47632 778
30508 38218 1542
391 1316 185
34376 49841 3093
15458 44313 5771
17341 20711 674
54479 56899 484
41464 48919 1491
17399 28499 2220
14383 26653 2454
15517 20962 1089
14911 22931 1604
23477 27087 722
20188 36488 3260
6839 23794 3391
9383 17608 1645
11534 28744 3442
34926 59896 4994
27435 29205 354
5940 30930 4998
45799 56984 2237
45898 47453 311
29995 36605 1322
23591 40026 3287
3058 10283 1445
33303 49178 3175
4745 34105 5872
30003 48643 3728
391 5596 1041
11691 38241 5310
10099 10469 74
50073 50673 120
3124 28064 4988
4792 12077 1457
33496 59796 5260
695 25770 5015
30795 43965 2634
22542 34812 2454
26552 52032 5096
13051 25091 2408
52046 56881 967
6402 35627 5845
15369 18349 596
5386 26691 4261
4915 16105 2238
39835 57295 3492
14213 38788 4915
11680 29665 3597
23287 32317 1806
10075 16075 1200
22561 38431 3174
14000 28735 2947
17132 38747 4323
53841 57021 636
34034 43584 1910
28140 37500 1872
32237 46667 2886
3283 27948 4933
37176 46626 1890
520 14930 2882
46260 53010 1350
15159 15519 72
32482 42437 1991
666 7476 1362
42521 53446 2185
12440 27085 2929
53948 54318 74
1695 26480 4957
20212 41747 4307
36420 54085 3533
21820 33970 2430
8205 23905 3140
7156 16656 1900
13889 20394 1301
35971 41901 1186
36949 52064 3023
379 14894 2903
37432 42427 999
26492 50502 4802
2193 2253 12
23071 44616 4309
45058 59923 2973
4630 5505 175
182 17662 3496
53755 57750 799
24148 33728 1916
24542 32072 1506
22999 44899 4380
7596 23931 3267
19533 41093 4312
29584 54539 4991
11162 37182 5204
41639 54059 2484
6948 15228 1656
35263 51558 3259
51589 52479 178
37053 59628 4515
1656 22826 4234
53540 57755 843
38092 46172 1616
27718 48018 4060
55465 57305 368
9998 14868 974
17400 43890 5298
35065 52595 3506
25311 29591 856
3794 29954 5232
30412 48737 3665
40751 59486 3747
15159 31309 3230
24298 53363 5813
6159 21589 3086
8226 13996 1154
50300 52875 515
16871 22311 1088
31588 34813 645
39778 59468 3938
1750 4395 529
3186 5416 446
41615 53200 2317
37745 59495 4350
37617 39847 446
33743 46728 2597
35794 44554 1752
4457 25032 4115
5252 8112 572
20623 22893 454
8399 21234 2567
33032 59677 5329
24292 51052 5352
28901 32946 809
16763 40508 4749
33091 59291 5240
10299 25534 3047
5774 29304 4706
52150 53810 332
46238 55793 1911
23448 31913 1693
8875 18565 1938
26629 52054 5085
29864 54744 4976
20111 22636 505
22198 43068 4174
5062 26987 4385
51893 52428 107
14726 16646 384
34915 49545 2926
2882 10807 1585
28983 41903 2584
19249 42894 4729
16217 17517 260
7704 33419 5143
56486 56731 49
4118 33363 5849
18535 25875 1468
39825 55685 3172
6793 34258 5493
17564 26639 1815
46404 55749 1869
29647 58117 5694
44420 54505 2017
16962 41037 4815
19200 36395 3439
4676 5836 232
45512 53352 1568
817 9227 1682
1764 26699 4987
9175 29155 3996
4566 29566 5000
50461 52031 314
52842 53417 115
4870 11155 1257
42629 57524 2979
19024 21764 548
19161 23136 795
11000 20160 1832
12980 36530 4710
21245 25905 932
2104 15999 2779
12496 15821 665
29548 49548 4000
6469 32009 5108
28648 35218 1314
43319 44514 239
23136 24916 356
6766 24951 3637
15055 35145 4018
15141 38216 4615
22651 50816 5633
42789 44239 290
18050 41115 4613
36182 48402 2444
29645 57585 5588
22686 49086 5280
6395 13785 1478
14057 26687 2526
45811 57911 2420
9603 30133 4106
31216 48851 3527
18220 40250 4406
10840 37500 5332
32169 37764 1119
7353 27468 4023
32564 58629 5213
15241 27646 2481
12179 13129 190
29416 50556 4228
50746 51951 241
2594 11604 1802
25949 55454 5901
13570 40990 5484
805 9340 1707
23588 41108 3504
13508 20243 1347
14695 19405 942
8755 27860 3821
41145 56360 3043
21947 37737 3158
47798 54163 1273
36033 54098 3613
40939 53424 2497
17447 47057 5922
1896 26636 4948
56741 58966 445
32728 35348 524
40185 41225 208
6021 13351 1466
33422 50037 3323
29789 43144 2671
13813 23333 1904
22510 29640 1426
13058 35233 4435
10981 22036 2211
11155 12695 308
27424 39964 2508
21040 32065 2205
788 6148 1072
38138 57578 3888
11515 37325 5162
39547 50857 2262
27687 51242 4711
36221 37241 204
29388 42123 2547
25120 54915 5959
22827 30797 1594
32148 56703 4911
48950 56225 1455
24208 48438 4846
15563 39853 4858
12137 25307 2634
27835 50445 4522
27514 55164 5530
28438 45008 3314
14825 22640 1563
49230 54880 1130
27166 43311 3229
26035 32810 1355
7592 9997 481
36214 47214 2200
20008 37608 3520
13828 29563 3147
20820 38830 3602
52073 59853 1556
29814 45189 3075
45018 59243 2845
20077 36172 3219
15616 41986 5274
9757 14037 856
46274 59364 2618
8032 30862 4566
10764 18879 1623
46399 57249 2170
47300 54950 1530
988 26968 5196
3481 20126 3329
5446 30741 5059
40904 45159 851
36036 42726 1338
17213 36923 3942
30679 47749 3414
26768 29363 519
33659 59964 5261
29280 56105 5365
5634 20859 3045
43571 48626 1011
2745 20415 3534
22588 43638 4210
25232 45622 4078
47911 58756 2169
9841 13146 661
3941 28911 4994
40379 43319 588
23470 31805 1667
27119 55514 5679
4155 15225 2214
37547 45497 1590
49540 53280 748
35465 44345 1776
30779 53679 4580
29104 40874 2354
6276 24641 3673
247 16277 3206
14908 25323 2083
10312 10987 135
53413 56123 542
8801 34381 5116
42932 43902 194
18953 39073 4024
2713 3308 119
43948 55823 2375
32093 44828 2547
13990 22415 1685
29240 36800 1512
34688 39408 944
18670 39500 4166
19877 22617 548
8002 32457 4891
27075 40320 2649
35327 56317 4198
33624 44574 2190
2696 30641 5589
3565 32250 5737
38528 52358 2766
1169 19024 3571
32773 51163 3678
28073 28243 34
35067 46187 2224
316 22261 4389
8752 12012 652
9758 39663 5981
8192 20332 2428
30766 58981 5643
18499 38854 4071
37172 42062 978
27966 43001 3007
30686 40911 2045
19264 45279 5203
29911 39991 2016
20518 38613 3619
51787 57082 1059
21383 42773 4278
20871 48456 5517
7924 16579 1731
35378 46523 2229
40722 48902 1636
20818 38798 3596
29962 57772 5562
709 20199 3898
33862 40812 1390
41405 51570 2033
8727 34622 5179
18684 47699 5803
30585 50420 3967
44459 50254 1159
27273 46443 3834
7853 12863 1002
52410 52575 33
614 24244 4726
2856 14056 2240
53303 58403 1020
36226 45831 1921
17966 37946 3996
36640 56375 3947
36488 37978 298
12 10 10 17 15 19 20 14 11 12 12 18 12 18 20 12 20 16 12 11 18 12 19 11 10 18 20 20 12 15 12 17 15 12 11 16 14 20 15 10 11 20 19 17 18 20 10 12 19 11 19 17 18 16 14 19 14 11 19 18 14 13 17 17 16 12 14 20 17 19 17 12 13 10 14 17 17 19 20 15 15 19 14 10 12 18 19 19 18 15 10 19 18 14 20 10 11 19 16 12 20 13 16 18 19 14 13 11 20 16 10 12 20 20 11 18 10 14 19 11 15 16 11 13 11 18 14 19 16 13 13 10 17 19 18 14 15 12 15 20 15 11 16 15 16 15 17 20 17 19 12 20 20 19 10 10 16 19 12 16 11 20 15 13 11 20 13 13 14 11 11 15 20 10 20 13 10 20 20 20 11 18 17 19 14 19 11 13 13 19 15 18 12 18 18 11 12 10 15 19 11 15 12 20 14 16 12 13 14 10 13 13 11 16 12 15 19 14 15 11 20 11 18 20 14 18 11 19 17 12 20 18 15 17 19 14 18 13 13 19 19 17 13 19 12 14 20 13 12 12 16 13 19 19 12 10 12 17 17 12 14 11 10 17 18 17 17 18 10 14 10 19 14 19 16 15 15 18 15 14 13 12 20 10 20 20 20 18 18 14 20 16 20 13 12 20 14 12 15 20 16 18 16 13 14 20 14 10 18 10 18 18 11 12 13 20 12 20 17 12 18 11 13 13 18 12 19 13 20 12 12 13 17 12 15 15 11 15 12 14 18 13 11 12 17 11 18 17 17 13 14 11 20 17 18 14 14 10 17 11 16 20 14 18 16 20 14 20 18 13 10 10 13 12 19 10 19 19 10 11 11 20 12 11 14 20 17 10 18 13 16 13 13 13 18 17 20 15 18 18 16 16 11 14 12 12 12 16 11 12 15 16 10 10 11 15 18 10 15 20 18 20 14 19 10 20 12 14 19 12 12 10 13 11 13 12 14 16 18 12 12 16 11 20 13 16 12 20 17 13 14 19 14 15 17 10 12 10 20 12 20 16 10 12 16 15 11 14 16 14 19 10 10 14 12 18 13 12 15 10 17 17 18 11 17 13 13 13 14 16 12 13 17 12 12 18 20 13 19 14 
15 150
