1
1 2 1000
500
9412 23811 2531
32591 46264 2700
32829 47501 2559
30863 52473 3626
43089 53985 2082
7275 23339 3075
22784 36012 2526
4398 23764 3840
1843 16963 2680
11127 21557 2054
30383 48194 3105
18284 32477 2531
12333 28559 2748
16459 34799 3152
33346 52138 3217
324 12133 2211
14853 30790 2914
16563 36901 3901
4545 18966 2752
9345 26224 3106
12101 24500 2286
27816 44666 3164
6872 22686 2808
11427 25627 2452
9761 28110 3189
39590 52400 2307
11951 27184 2974
27159 44179 3027
12087 24607 2494
32097 41676 1761
27075 44873 3069
34060 45901 1989
11408 27450 2896
36560 52693 2972
9080 18739 1851
10710 25273 2485
14201 29819 2822
19272 34830 2839
26092 40730 2468
7598 24684 3140
31334 42924 2213
28793 41695 2401
14744 24821 1991
35289 51512 3194
26064 41882 2713
2383 19995 3311
23398 35468 2202
37288 55682 3103
37828 56833 3299
14814 28407 2681
27632 45489 3137
27950 40292 2116
6691 26518 3394
22659 37049 2658
4709 17539 2228
34691 51698 2837
2928 15031 2354
3852 17314 2399
41976 57654 2787
31636 43860 2079
39911 55897 2922
26631 43111 2890
12463 29153 2966
34619 47895 2580
6543 20076 2694
9310 24741 2622
44923 59170 2385
40232 53269 2442
43881 54419 1828
2747 20227 3474
9524 19837 1799
36095 50632 2611
4599 19709 2797
9318 26856 3093
27427 45375 3127
23178 41133 3513
36952 51343 2539
30406 45781 2575
1454 15975 2466
16522 33080 2970
13184 28520 2821
28665 42529 2377
23352 37086 2703
20719 44469 4039
38390 58824 3567
13258 23339 1914
34618 52288 2967
2272 17346 2704
22528 38803 3221
29270 50373 3527
32206 49515 3060
14879 31514 3114
26844 37910 2142
28598 44225 2895
8213 25599 3091
25315 39192 2718
5786 19867 2780
6362 18600 2059
24628 40765 2854
30902 49984 3213
33299 43870 1948
45453 58622 2229
5796 19572 2723
14355 28697 2432
44750 56499 2331
36904 51714 2654
27170 40737 2352
27143 40549 2491
28591 38093 1605
12506 29031 3092
25976 39098 2294
13078 31598 3604
9092 26543 3348
21701 33524 2074
34883 51651 3175
30864 44668 2313
28148 42952 2564
12680 24859 2259
32337 48976 3209
23530 39479 2944
27608 43622 3030
19089 31829 2415
2594 18832 3139
9847 25227 2904
4356 20135 3095
3769 22383 3152
16699 30239 2603
2738 16780 2394
8676 24538 2797
45627 57188 2017
15594 29477 2542
42159 58946 3267
44709 58431 2456
12353 21188 1765
10526 28267 3277
33996 54815 3971
40366 57606 3133
22187 38688 3075
15267 26241 2187
29609 41088 2103
43473 53628 1945
13019 22722 1798
46746 59335 2351
6733 23097 2768
18281 31422 2304
21961 36192 2390
32138 47860 2648
36411 49185 2374
25630 39705 2810
39098 53632 2705
13687 26933 2506
18105 30546 2133
16517 31342 2612
21960 37929 2975
25671 39466 2640
40766 53646 2519
25726 42391 2934
22499 35808 2520
20343 35110 2559
19207 32684 2458
31684 43177 2266
24234 46177 3696
28722 39197 1899
6163 20119 2701
15208 32302 3368
41807 54024 2350
36960 48373 2262
8851 25722 3282
802 13991 2205
18626 32544 2436
39719 51289 2123
20340 30862 1948
38570 56401 3223
11610 23478 2337
34620 56775 3727
20370 33630 2429
15271 28859 2297
6158 21952 2825
20612 29868 1773
6897 26123 3304
25794 40886 2857
8812 25295 3243
1408 19225 3503
41422 57098 2624
5581 18856 2311
11404 27541 2733
38556 49110 1834
17218 27754 2032
29388 52918 3952
20798 40679 3601
44741 58077 2479
37380 52016 2679
13924 27259 2316
23595 38478 2901
32589 52953 3956
13927 26556 2253
35696 51713 2946
10969 27437 3200
8850 21752 2543
42670 53378 1847
14564 27192 2144
44624 58150 2558
28517 42274 2367
18267 31326 2586
14299 28133 2752
29285 44251 2735
30540 44697 2467
37921 51488 2610
8340 21753 2525
43902 58283 2630
2339 20236 3449
29241 41974 2149
44867 59138 2651
12083 26399 2742
4754 19509 2572
21203 42245 3525
20202 36148 2928
37816 48718 1890
39124 54764 3015
8141 26973 3326
14059 31783 3218
43304 57822 2523
13614 28982 2876
8056 25609 3353
1747 12271 1993
43003 56068 2252
28482 43714 2756
10403 23102 2470
17547 30638 2249
15775 35061 3343
5067 20881 3134
34741 45533 1931
2583 12752 1925
4294 16523 2244
26349 39520 2399
14483 26118 2182
23056 35873 2537
19972 39126 3615
7318 26723 3292
40518 56213 2789
21763 36896 2715
14017 30379 3097
10194 27011 3136
32115 41673 1718
36009 49487 2339
8982 27256 3099
33715 47530 2506
46891 53689 1330
38319 49966 2274
1389 12504 2094
19030 38970 3489
3479 17370 2515
6915 21109 2616
7376 16145 1674
33116 43147 1847
6272 16452 1828
3953 21273 3073
16323 29551 2554
41252 52950 2201
23037 35923 2419
2043 19568 3098
24389 36205 2251
42492 55615 2616
4568 17574 2546
41305 52895 2117
37503 49158 2268
27544 40225 2266
8769 24032 3045
30836 49309 3331
1643 11769 2004
13165 32465 3275
1881 15243 2393
6750 19745 2569
26884 38676 2217
20803 37266 3119
38580 48008 1686
37019 49471 2416
33659 48707 2510
41344 56077 2674
22413 41028 3143
32760 43600 2037
35806 50867 2713
50 19534 3256
28411 43544 2623
19128 30822 2054
5600 20048 2766
14954 31086 3125
33892 50929 2942
16625 29747 2584
8503 21711 2261
7314 24583 3192
36429 49029 2191
7186 24482 3147
44486 57332 2247
15139 30935 2754
33106 49586 2980
13537 29236 3004
35290 52252 3386
41224 56586 3064
23786 37883 2376
43973 55308 2202
16493 33192 3249
19788 37632 3171
34703 50532 3015
35235 54949 3365
28031 40968 2484
36703 47893 2177
2786 17267 2855
40839 53023 2288
48626 59866 2071
3023 19677 2930
38364 53573 2999
14119 29741 3011
40666 56928 2997
6742 19906 2447
8591 22461 2333
24720 39158 2745
36464 47857 2118
32244 50053 3006
38728 46887 1579
28639 41970 2372
9400 18142 1744
3892 20738 2927
26802 37972 2202
28310 43646 2560
11145 26220 2557
23778 38579 2504
21484 35684 2482
901 13071 2337
8533 25933 3245
12869 29332 3150
38358 54482 3219
26309 35974 1692
37830 57712 3324
4172 20125 2809
15775 30959 2688
20858 32901 2094
1646 15070 2614
8233 21892 2647
3569 18998 3068
40906 57353 3092
26994 44210 3304
16703 31515 2760
35387 49267 2424
2738 18568 2850
22215 35317 2487
26913 40411 2643
20728 40839 3557
18794 30710 2172
37009 50131 2305
8969 26153 3262
32817 45934 2236
8698 20695 2241
4834 20150 2867
35628 46700 2030
1134 18469 3074
9847 25783 2974
24391 40752 2855
6882 16463 1659
5983 16736 1881
43416 54898 2008
13151 23394 2000
1526 17514 2665
23993 43576 3515
32691 47809 2870
36195 52276 3088
38297 56991 3292
16318 30499 2584
12659 29289 2991
40046 47018 1181
16735 31810 2685
10150 25512 3061
33570 47636 2425
39793 53415 2716
31693 43464 2070
2872 20449 3392
43189 58997 2947
24614 38730 2719
20337 34934 2495
21567 37680 3128
10283 30840 3718
3384 23743 3485
4000 19286 2658
33107 45023 2111
41873 52723 2043
17051 32611 3088
41361 57851 3059
20067 36200 3187
6186 20646 2456
40220 50745 1895
11150 27383 2860
4184 19905 2672
1917 15153 2400
35583 54771 3297
29675 46107 2990
37952 52452 2564
27179 40803 2514
31787 46476 2795
12788 31457 3257
38260 51208 2563
43733 58849 2938
10221 27144 3285
32631 52704 3349
10406 29712 3565
22955 41331 3526
33551 50528 3211
40169 50248 1910
26372 42395 2736
3021 18060 2545
21707 35013 2334
20015 35804 2740
35957 45163 1594
27473 41641 2553
6402 16599 1825
21159 32252 2185
25094 37320 2144
7077 20752 2435
24386 38066 2715
8760 18763 1871
11766 28665 3178
20791 35928 2770
46482 59060 2468
21053 31430 1886
5342 17284 2054
26449 45206 3727
31736 49534 3505
16820 36066 3518
16528 33475 2877
45012 55251 1999
21372 35887 2641
29959 51736 3861
24411 44760 3622
6487 21660 2741
37476 50581 2609
16126 30326 2655
228 12768 2240
21010 38728 3304
22871 34228 2174
36191 45853 1746
25260 35332 1929
27003 42581 2721
15648 29227 2299
18109 29080 2074
44158 58036 2522
33232 54094 3505
3377 18312 2610
5906 25088 3584
31053 44287 2395
5149 24244 3308
19526 39900 3664
42676 56212 2372
24200 39717 2619
3703 15419 2068
718 16024 2575
37048 53899 2910
3112 15747 2280
36285 51389 2667
11650 29171 3061
25207 41518 3128
40960 51813 2024
26685 42973 2835
21546 35776 2731
32731 48106 2818
19293 37324 3134
24424 41995 3364
19554 36256 3242
17836 33079 3007
11008 21988 2003
16349 31164 2480
37706 53417 3054
9157 26548 3327
16248 31891 2641
26108 34479 1488
41383 55615 2505
1869 10954 1694
17469 34427 3195
23083 38422 2972
41012 55664 2697
37484 55862 3310
38135 53907 2731
19568 37998 3256
26805 44045 3116
10713 21471 1884
31190 47660 2849
20968 36973 2968
378 11611 2006
577 15936 2949
34385 52187 3470
22819 34054 2149
33679 48989 2794
32913 45947 2281
17021 31788 2535
10238 25387 2920
38072 53505 2968
26175 40960 2651
21017 35728 2520
34997 52220 3057
4506 16213 1972
5305 20151 2594
36971 53978 3281
10 12 19 12 14 13 15 12 11 14 13 13 15 11 13 18 20 17 18 20 17 19 13 20 14 14 19 20 10 13 13 18 15 20 13 10 16 16 14 15 16 14 17 19 18 10 17 11 16 11 13 19 12 13 18 13 19 14 11 17 19 14 17 10 15 18 17 14 19 16 10 16 14 20 11 13 18 18 19 12 10 13 15 17 12 13 12 10 15 11 18 16 13 19 13 13 18 18 12 15 16 15 16 11 20 12 18 12 18 14 18 20 18 17 13 19 20 14 16 10 18 15 17 20 20 13 18 14 18 19 17 10 14 10 17 12 11 10 19 15 11 17 11 18 10 12 10 19 20 14 11 11 16 13 11 15 18 19 14 15 17 18 16 16 13 20 17 19 20 18 10 18 11 11 13 12 17 12 15 18 13 17 19 14 13 19 13 16 13 15 20 14 17 20 15 17 11 16 12 16 16 19 18 18 14 15 16 17 15 20 18 18 15 17 20 17 14 11 13 19 11 15 17 19 14 16 12 16 18 16 20 19 11 18 17 10 13 16 13 13 18 15 19 19 17 20 19 17 14 10 12 16 16 11 11 19 13 19 10 18 14 11 17 14 16 16 10 14 19 14 13 16 17 20 20 18 10 13 19 15 19 17 13 17 14 12 14 17 13 16 19 17 16 12 11 13 15 14 18 14 14 12 19 18 17 10 17 20 12 18 14 13 14 14 15 14 10 19 16 18 17 16 11 16 14 20 20 20 11 19 12 13 19 16 18 19 12 14 15 19 10 11 18 20 11 12 19 17 20 14 16 11 11 20 16 20 20 18 20 16 10 11 11 12 12 19 13 15 13 19 12 18 18 15 10 15 19 11 10 17 12 20 14 10 20 19 17 10 17 17 11 14 15 15 20 19 10 11 20 20 12 11 12 19 13 20 13 16 19 19 17 17 15 14 12 13 10 20 14 14 19 16 11 16 18 10 20 17 17 12 14 13 18 11 19 16 18 16 16 11 18 12 14 13 17 10 15 17 10 18 13 12 18 11 12 14 19 18 11 17 15 18 14 18 16 12 11 15 19 16 16 16 14 10 13 12 14 20 16 18 20 11 19 19 10 15 19 18 11 15 16 14 18 14 12 13 16 20 12 12 
20 200
