1
3 4 1000
500
29171 29229 1
20699 20778 1
35330 35391 1
22672 60000 6000
46804 46864 1
21807 41015 3640
13699 49906 6000
51403 54592 532
8431 17002 1402
7141 32877 4287
51430 60000 1479
9264 20831 2002
9098 44601 6000
23690 32538 1615
2680 19293 2503
48172 60000 2336
22918 60000 6000
19036 35377 2453
17568 48268 5285
10906 10967 1
55778 55848 1
31739 54566 4019
41403 41476 1
28460 58682 5194
9673 51800 6000
2209 24242 4203
12473 12535 1
20450 60000 6000
19982 57658 6000
6419 33341 4316
12055 44314 6000
19062 60000 6000
259 37043 6000
28228 60000 4868
28259 60000 6000
12714 12771 1
19570 60000 6000
19120 34569 3046
41120 45657 814
31283 47832 2920
19955 54580 6000
22076 56561 6000
44432 44495 1
29864 45255 2855
20630 56606 6000
37145 60000 3891
32726 51575 2725
11669 50979 6000
27478 53156 3726
22040 60000 6000
49841 49914 1
16907 23723 1182
4035 29907 3765
24586 49941 3403
25413 55198 4879
48364 55367 1012
54467 57508 524
14353 45605 6000
57859 57930 1
3773 33568 3986
20983 47868 3781
6565 38886 5766
32471 50952 2949
20931 21007 1
22931 54443 4322
31336 48453 2533
31412 55345 4673
38793 55263 2505
8912 34144 4808
33460 33521 1
31382 31460 1
2600 2661 1
16183 16239 1
10188 10246 1
43610 55160 1548
22788 53902 4266
20964 52841 6000
10555 45531 6000
28676 47771 2805
18598 31678 2041
24492 48431 3745
2276 5515 626
22188 52950 4658
16977 17036 1
5147 26238 3533
13191 49975 6000
27388 60000 5923
23110 23188 1
10540 21576 2168
18293 60000 6000
23997 60000 5003
20802 36462 2091
30484 52448 3255
47328 56778 1478
20773 59482 6000
7306 28665 2885
1736 3650 305
10081 15885 821
51986 56671 901
2969 44552 6000
31075 60000 4219
16860 53608 6000
30859 54921 3476
39254 55654 2358
18713 19182 77
27241 54168 5219
14108 14166 1
25798 36774 2181
15841 46295 4326
17939 55716 6000
5370 42398 5200
18869 18942 1
25450 54008 4119
11382 11552 30
41956 42030 1
18843 56072 5379
56449 56509 1
37820 39626 253
9262 52895 6000
10011 45331 5423
32062 60000 4858
10915 37805 4142
57524 57593 1
11970 55105 6000
4404 9867 855
36443 44389 1265
7245 43467 6000
11668 45859 5295
34130 34187 1
27553 27617 1
5136 39275 5015
34911 60000 4052
15748 59509 6000
8825 23642 2909
23550 55430 6000
19178 20758 222
6452 40039 5891
10022 10077 1
24644 59255 6000
14945 49078 5430
8971 40649 5026
16517 47281 5618
2501 4897 372
56786 56854 1
43159 51811 1542
37621 59890 4332
35677 52893 2526
39453 39532 1
48948 59226 1940
16746 52915 6000
49853 49932 1
13512 32603 2944
25107 60000 6000
27831 60000 6000
19155 48322 5690
45898 45967 1
41389 60000 3436
29876 59383 4579
48446 55688 1331
8112 33433 4181
10111 45291 6000
6587 37271 4651
25816 27783 274
40504 48831 1417
12539 48968 5026
13662 42367 5576
10966 41440 4923
15754 43391 4957
37652 37731 1
5041 19803 2501
36682 54296 2366
10984 46402 6000
19681 33889 2237
40688 47183 1027
29022 47415 2478
14924 51905 6000
27599 29469 265
637 33795 6000
41563 60000 3658
33076 60000 5342
19622 19690 1
25757 50360 3833
24754 24819 1
44695 52364 1039
53738 53799 1
10164 31433 3878
24447 57762 4493
38521 51446 2208
44654 50388 1144
58083 58138 1
19891 60000 6000
38737 53544 2345
30831 53093 3153
23860 60000 6000
33877 33954 1
27719 53818 4079
26225 26295 1
15880 50079 5181
43380 43449 1
27738 58672 4917
59355 59437 1
1066 38668 5233
11710 14854 440
13582 15972 451
38266 58343 3226
1379 1446 1
50432 50489 1
4337 19084 2349
52049 60000 1128
34418 51356 2838
16724 45298 5635
27798 60000 5957
42505 42583 1
26737 56834 6000
12922 55878 6000
6549 44284 6000
57551 57606 1
14006 14066 1
15855 22661 1127
53335 53399 1
12799 12861 1
40667 58637 3541
4650 17801 2272
7718 14688 1153
49816 60000 1560
7268 16225 1683
10534 12898 324
34739 37088 386
9851 29617 3326
6262 20877 2913
29619 60000 5296
39401 56859 2954
9678 51830 5777
11713 45282 6000
35967 55017 2614
14976 56812 6000
3545 47148 6000
51964 52045 1
44934 60000 2848
28116 60000 6000
5629 23613 2924
2753 5900 610
11213 36914 3879
38485 58618 3521
24283 60000 6000
2390 2465 1
15697 50189 6000
11101 41955 6000
53485 60000 939
6463 40065 6000
39793 39858 1
11108 39885 4700
2799 27097 3405
5939 42439 5542
37189 51976 2423
19641 19723 1
27328 60000 6000
58050 58234 28
11858 43844 6000
29912 60000 6000
10100 42472 5366
16863 59397 6000
4221 46181 6000
23248 23330 1
17381 55965 6000
48323 54005 837
24250 60000 6000
13422 51101 6000
685 756 1
1897 29609 5199
20692 51114 6000
20161 59103 5480
28957 60000 6000
265 30981 5593
5168 39317 5178
27742 60000 5183
20080 55121 6000
2359 35905 5167
8480 17077 1586
8642 41297 4666
52334 58896 914
45401 49927 771
20525 20580 1
5297 36393 6000
17488 54378 6000
52002 52836 144
1493 33531 6000
2073 9122 1236
8377 20473 1797
164 24183 4169
2040 24257 3742
10728 22422 2327
38872 38953 1
3354 37753 6000
30158 60000 5720
19424 19487 1
40436 40501 1
19487 51230 5975
27977 39189 2123
5971 35511 5815
26221 60000 6000
12943 44670 6000
5519 26855 2872
58278 58337 1
28991 44141 2218
8747 46937 5684
42315 53149 1584
30707 30762 1
410 25252 4915
19372 56715 6000
35327 57042 3879
42201 51263 1466
39873 46700 1091
5963 37393 4558
10340 10418 1
18131 51065 5287
27780 60000 5753
21883 52911 6000
41513 56499 2910
41993 49834 1370
17669 50489 6000
49603 49665 1
19230 40602 3762
974 22817 4109
30132 49331 3821
36043 36118 1
35030 44640 1343
338 395 1
54549 56221 311
4006 46798 6000
11838 25515 2000
4006 4072 2
28988 36138 1288
10495 50058 6000
19121 58721 6000
29418 54635 4358
19350 43650 3498
19279 53576 4618
12699 45924 6000
27254 60000 6000
6256 6516 42
68 19021 3074
31708 60000 5304
22035 22091 1
16890 38209 2973
15379 46534 6000
22097 59228 6000
19135 19217 1
7431 40372 6000
29411 29488 1
27678 60000 6000
27426 45532 2678
55949 56022 1
8607 47771 6000
29580 58117 5641
57756 57837 1
55725 55782 1
15996 51037 6000
53630 53685 1
27515 50156 3877
7488 44083 5949
8397 38085 4065
42992 43062 1
11719 53658 5884
34161 52709 2621
3547 41781 6000
1410 30651 5367
13679 38549 4396
485 33166 6000
25851 52316 3550
23404 58092 6000
848 32918 5888
31611 52987 3475
18232 57295 6000
53205 53263 1
4100 23168 3388
17201 19344 403
32291 32369 1
44406 44469 1
43884 46306 343
36577 36649 1
8305 31550 3343
55140 60000 787
11279 40256 4708
23232 23292 1
30656 51055 3560
3954 44503 6000
476 6763 1093
21470 34761 2347
34033 54977 3402
5513 12871 1449
30794 43433 2061
20466 43920 4292
12126 31606 3549
12365 32240 3261
37554 39841 440
34848 53569 2884
10081 12943 491
19948 45760 4262
21735 53698 6000
30598 46987 2940
25450 60000 6000
16566 42127 4543
30645 55907 4419
6242 6315 1
26005 44481 3098
41775 60000 3169
37998 38055 1
32712 46115 2134
26200 59118 5323
13200 49058 6000
29225 47446 3418
6065 17877 1712
24900 24975 1
22978 23037 1
27738 27818 1
14408 41451 3957
49819 54776 905
25238 58017 6000
48180 60000 1989
25320 25388 1
441 505 1
16496 38082 3741
18657 35541 2866
40349 40425 1
28985 55324 3565
21465 60000 5742
34273 36212 343
458 36524 5612
29696 60000 4445
6517 30117 3447
7521 47558 6000
7016 18240 2028
25783 41510 2630
48803 48880 1
8768 8848 1
19561 56522 6000
34367 54964 3683
39 24150 4343
18054 18117 1
7946 37352 5497
23112 34142 1833
23708 54422 6000
2285 37754 6000
27667 27733 1
38372 60000 4189
15397 48105 5957
19096 57455 6000
38953 60000 3214
18178 48396 5875
40545 57350 2565
22146 52550 4379
56326 56401 1
41803 56749 2557
36693 45194 1688
5872 39350 6000
16010 56979 6000
26834 34843 1517
26948 51278 4409
16930 29039 2288
10526 10595 1
5128 41593 6000
33540 33620 1
29521 60000 6000
45336 48635 603
736 19561 3166
21252 21316 1
17268 53257 6000
7865 7947 1
32156 60000 3868
18645 53558 6000
49698 52882 632
27981 60000 6000
4615 30703 3550
950 32359 4427
9997 47398 6000
49335 59234 1502
15682 54111 5134
10559 43115 4607
15022 51365 6000
26913 60000 6000
49899 49956 1
40004 50809 1597
20876 20934 1
40855 58081 3333
16739 57540 6000
1866 45802 6000
17073 48411 5450
19815 37274 3417
26762 41493 2745
39841 58690 3215
25457 60000 6000
36043 60000 4369
46281 50692 731
22615 42858 3433
49247 49306 1
4232 30417 4785
19875 47664 5182
18424 56129 6000
8293 43677 6000
12 14 16 17 16 16 17 11 11 18 16 12 14 14 20 19 20 20 14 12 12 18 12 20 12 11 19 18 19 14 18 15 18 19 10 13 13 13 14 10 16 11 16 14 12 11 20 19 15 11 14 15 11 15 13 12 14 10 10 17 19 16 17 17 15 13 12 20 17 11 13 18 11 11 13 16 20 12 14 15 16 11 20 15 18 11 18 15 19 12 17 19 19 11 20 20 13 19 20 13 20 11 17 15 11 19 14 10 19 12 11 20 16 17 11 14 10 13 18 17 20 15 16 14 17 14 16 18 10 17 15 20 15 14 12 18 10 18 15 13 12 13 13 12 11 16 15 17 10 12 17 18 17 16 17 13 12 19 16 16 14 10 15 19 14 20 10 13 14 10 16 18 18 18 11 16 10 17 13 12 16 20 14 14 15 18 17 12 17 14 15 17 13 19 19 16 11 10 11 16 13 16 20 17 18 13 11 16 12 13 13 11 17 16 18 13 10 18 18 15 12 12 10 17 13 13 19 14 12 16 17 13 12 16 10 19 19 19 13 17 13 13 13 13 16 20 16 14 14 17 10 15 11 16 18 13 14 20 17 17 14 12 11 13 18 11 14 11 10 12 16 18 17 11 17 20 16 10 16 11 14 11 10 20 14 15 16 18 16 10 19 18 20 15 15 12 17 12 18 19 20 10 14 18 15 13 13 15 18 10 15 12 15 11 20 17 17 13 14 11 16 11 15 10 13 11 13 17 12 19 12 12 17 20 19 10 15 12 16 15 17 17 12 14 11 13 13 17 17 16 16 20 12 11 11 12 13 13 18 19 18 15 19 11 19 20 10 12 13 17 10 14 14 14 16 20 13 18 18 19 19 19 13 20 14 18 16 12 19 18 20 19 10 19 10 11 18 16 20 16 11 15 14 10 17 12 14 11 20 19 15 11 19 14 20 17 19 15 11 18 13 12 14 12 11 19 14 16 16 11 10 12 19 18 11 17 16 15 13 10 17 16 15 16 13 19 17 18 15 12 16 19 20 18 17 12 16 17 17 14 11 10 12 11 19 14 11 16 17 16 14 20 15 12 19 13 16 11 16 11 13 11 14 11 16 20 10 11 18 20 14 10 14 15 13 11 13 19 10 16
20 200
